Homework6

a =

   69.0000  370.8200         0         0         0         0


d =

  270.3500         0         0  374.2900         0  368.3000


alpha =

   -1.5708         0   -1.5708    1.5708   -1.5708         0


theta_fwd =

    1.5708   -0.7854    1.0472    3.1416    0.5236    1.5708

Running fkine

T =

   -1.0000   -0.0000   -0.0000   -0.0000
   -0.0000    0.9659    0.2588  329.6590
    0.0000    0.2588   -0.9659 -184.7275
         0         0         0    1.0000

Running ikinebaxter

theta_inv =

    1.5708   -0.7854    1.0472    3.1416    0.5236    1.5708

diary off
